205263
3993624
5465355
4682606
3103262
5186006
6937621
6639336
1373996
5358903
7566506
3850279
9959273
3485617
2187640
8295854
5687936
9849603
1457963
4931256
6665957
6804496
6825822
7584724
6295218
8472888
1691436
2467911
9750975
1497221
2306057
8192704
4843616
5315506
5197787
2468919
921627
5607093
7025510
6351529
7450899
3463920
4862432
145907
3831584
5414062
9542595
6947537
4163941
4082727
5166878
4992592
7095420
1973065
6977094
9488958
1090086
4209795
1719998
6670157
6840550
5755841
3030426
3582637
8873344
2995407
1401806
1995300
1588954
9318147
3155373
2194460
5551677
6015390
9638453
8889602
7754636
4154710
9779450
3638486
3573792
5010446
1540057
3628621
4168022
7051482
6113342
8555123
7885386
774500
380534
9357082
7597414
5586210
8586834
5409869
5784362
6211109
6659902
4563755
4825861
5964918
2358522
505473
7634127
2159519
7445651
8888364
836316
48109
1168843
6092854
9489483
6512109
3973209
4930449
1634754
5272956
7212012
8759788
5530332
5328103
2238876
34127
9097473
1752086
1822679
4531605
1824953
9471373
9827275
8886241
211096
100624
6853749
684640
5968563
3685691
4379717
5924911
8761219
4067561
6666888
5048527
4924754
5958798
2956772
9124083
5766970
6481413
3478758
1645450
3529428
7185354
2566248
7979359
5863719
6138417
3679329
2233190
1294776
2304399
4587856
9541562
1157927
1679641
8874549
4593099
9141146
8736450
2715818
7758519
5313666
8414529
5220271
1231064
7301065
1630048
1431910
475532
6896903
1435597
8935861
3552987
64671
7470869
478513
4813775
727837
6116262
6636602
6317819
6052118
3156614
7614925
751287
6814966
6804006
6595788
6052188
401092
5952457
384419
1223356
8573991
4788904
836679
8724550
2132760
1611095
3481210
4768838
2939895
3629252
8980317
7929102
1403346
1154327
4504738
1765232
2377385
8068322
5625654
8729772
5970691
6832946
626008
802063
5497706
2893418
5831496
3469550
7179736
603375
32476
1350309
8684522
9407646
4301318
2943142
5735207
2282188
6728349
7420622
7605266
5644434
92434
6450405
4964394
7256273
3484727
194621
9520242
8940067
4284976
3699480
3353764
5915124
2925287
7972322
4901361
5675317
3952373
6614378
3921874
3453730
5254065
1127017
1467380
7377390
1151334
9217753
4795508
6758632
6170804
8117451
2382330
7856717
2176213
5726377
6186895
6706290
1227582
4176242
1907041
8537363
8235308
6997235
8178777
7604172
1004878
5171614
5559100
4464323
9526556
6571153
4679357
7805634
557144
1735101
6292918
9487888
4299344
5657047
1330265
6778142
2004291
9893222
3379851
1673425
4157840
593291
1151084
3304723
3219788
2286409
411506
123070
6443976
8291643
4691979
374459
996509
8970212
9031869
3529455
1966607
8140910
6039278
8091767
4344826
1952478
6508413
3569167
7514994
572418
376280
7765350
3954757
7114759
9012686
8019894
4438926
7277434
6398524
1422091
225579
4571811
7477749
59686
8102397
135613
6651779
3360512
2905702
5504892
9606714
635984
4893210
4172447
5764889
6993230
1769733
9956057
5503306
4349725
7524065
2571599
598561
1111292
2280988
2154857
8216123
8058891
8203204
6871157
6469456
966314
3271096
3462672
1522695
2794804
9051161
7765771
9500819
6235778
2646628
2246138
4024542
6077144
211510
2395355
6884053
8902610
5628341
7458205
4604890
1003987
3164906
8017901
5841934
4820072
9379324
8699113
5326002
7001844
4439160
1650558
5160952
5121451
5835757
6044285
7535733
6491871
6335616
8272517
6939606
210439
8024593
4602234
4736467
2355196
3792370
7421552
1917705
4415523
923350
3858797
3486259
2149720
3121071
2721333
3451730
497350
2121657
9106347
5725751
6173018
8344138
1504424
9786880
2546990
5256080
7011270
7525941
1471832
2918515
6415307
7775046
215975
409333
5360086
6620007
2011576
4220821
9463356
3923092
6899475
4547331
3136966
6194805
2550605
7435059
9982300
1831748
6463453
5644306
9395881
7421020
1736908
3727018
3426547
2234222
3737495
2116194
6308092
612366
6019009
7008781
4312852
7205811
2686803
7550442
2777752
840132
5783024
9912283
6155780
5068646
2015022
2625917
2086618
6226602
3144603
2177544
8397831
8414323
3253537
1241237
2588216
7001799
8936768
6952426
9081343
5312351
491290
8617425
8652175
771602
9273045
38330
7194082
9210511
589191
1245549
8828105
3689360
4082402
2864241
6196755
1681379
2567827
432767
8099527
5273529
2145655
6707560
640597
7721142
5089607
2046606
397581
6144904
7131608
7581041
7454744
3407082
8930612
362230
4166182
7420856
9693430
3084469
8224485
3386514
6837272
2258101
6295038
7550970
6045631
4704675
5962003
5260143
3037553
2741362
2665560
9167570
1640862
1912919
5956185
1598804
8519701
983966
9839233
6758000
9685532
5221068
6065345
82732
7090819
3727682
2590981
6957173
161643
6741094
2518942
5718657
4807732
5196045
5867705
6427678
406043
3948162
7187677
5874742
9305053
6348736
3951138
8513398
5444180
8191843
8219081
3529613
7812333
2406293
146656
5735841
8627665
2840719
8424742
1844036
3723622
4347599
4926258
3411322
4171050
1094728
9426538
2760513
9749816
2522012
5685742
7517491
1767078
8667314
7912912
4765049
1262439
7183029
2163047
9078699
1775049
5144060
4199684
8618571
5354016
420764
9576247
7806641
3798527
3662134
6795351
6005598
5929668
4466224
1824515
5100397
7452508
6375992
3985751
7374775
5177926
6015380
4998775
259316
4025067
2149068
9543402
1264546
8984829
5263393
5508787
6671459
4990244
231677
1860903
5868604
7416026
22229
1565075
9180513
9932718
4029403
6771589
6176032
997642
2995977
4887601
6177690
4851117
654103
6077544
9521110
5062270
7028814
4027643
653290
7706440
3663972
3572531
2623455
9921321
9503230
5286819
3342251
7699854
2416069
6848765
6725368
8812459
6952098
1418120
9676320
8785219
6146582
320848
1661050
5853130
4522912
3458428
7131737
8882883
9891086
2622659
6268538
7510932
157805
3314909
5759796
4976969
5459579
2107556
4598005
485000
1101216
8311277
5535162
2040379
5708163
4981092
7397484
6342843
3814741
4853340
6813273
1018393
2831307
7726917
8191775
1573980
87023
8226162
1632254
7702240
1381660
1809768
5386675
3114292
9548487
925428
544625
9287430
6501789
7644216
7505225
8220735
8931913
7200463
4836983
9114205
1576798
7671823
1177753
307401
8632302
5987932
1682550
5048527
6965941
3913051
8572003
2479661
9676792
3353831
3883396
2819109
6967819
7261009
4544947
9081337
8339076
2380668
4388359
8659055
6953645
7682873
8893857
2765123
2916877
7778094
6050914
6546734
4663776
6459197
3024070
2555233
8172509
7407751
654227
5909423
5129290
445044
1665282
1694043
2505815
1730069
7465607
1778690
9655212
8466834
8693907
6970741
276764
1114096
3137096
1231064
157567
5866276
5358719
6233390
2904897
8740003
6883602
1917696
5909099
8632452
64470
7327872
1866979
5767326
2939551
6841468
5144490
5571487
7359986
2087693
9243824
5730867
9675848
9552909
4625057
1307136
4409591
4088016
7726079
2252465
9625013
7262586
7487443
7636475
3560026
9442089
8991386
9769512
3278883
3279724
9901456
455204
8133503
4643006
1328960
3146683
741539
6844936
47519
151712
4521349
8996323
6726054
8077264
8773188
5284522
506047
8520375
9158479
2154164
3252593
8859533
2722122
9537458
3738546
5035531
7733914
1114918
4406790
1978223
2586618
9904607
5945003
1522995
3091634
9682766
2576742
9459818
8353409
9278160
5865867
5588136
4318625
8127236
7592734
8133003
2140500
789072
791891
4484955
5914899
8473668
2365526
5293323
936702
9204956
9487105
7395292
6152811
6382059
8105414
8691363
3768857
9595498
4802575
5461828
3700418
2598135
2033497
6412625
7938354
4271059
4495708
7886930
8511305
4432375
3379407
1398690
4690852
4679423
1279149
3095599
1130632
2881159
9880911
7408964
5596319
1197538
2762964
7049957
5725754
8039265
1393509
3180482
2689402
8162530
333465
6957173
9765144
6013544
8911218
3990186
5620607
6785689
5435804
9667471
5718357
194064
1677505
6357574
5472259
3857931
6052188
652318
1063368
1101070
7056582
4762740
7724283
7608636
1968843
3335337
405881
3555483
6940690
6604714
1612955
32007
9493228
395707
8243260
344841
4220950
8789421
3413846
6890683
5164978
1314626
6095509
369358
6625375
5599338
2376876
8078623
2685655
9987493
2984634
3055437
9473260
668515
2969973
4696756
6064741
4843163
