8923983
8434966
2237936
1313564
2666302
559728
6472868
5339915
4722472
5503411
2160075
2699859
6788793
5229011
3578920
6493112
9512306
2719575
7168822
2712532
6578537
3087834
8556656
9976888
7176894
9595827
7071495
6640860
1363514
2089785
6535278
3768329
6936784
6647080
9024
7618163
2403287
8148628
9185088
6271031
7998086
3914065
3219414
730907
3639497
6477767
780477
5545340
8837820
6617328
3761482
6818667
8048923
9689497
3280797
2253137
116288
6189520
2626419
5198005
702463
9891012
5509555
8757819
6625250
4690296
2847286
2921523
3429124
5970992
9824180
1185753
9910789
9133494
7049709
155496
4092741
520092
9349268
2773689
5243286
2643468
7448519
1252829
940456
1646140
556034
2795005
9276063
9323994
4132370
8318546
6708479
4675200
1407347
6001687
3548088
2654780
270523
821847
9075301
4825751
6844607
7281113
9360887
5150163
863285
8994690
4702473
3989519
8285214
7561924
1806284
7221367
6779241
7966902
4236679
1844277
7359256
9410617
4595347
8560083
5454263
51818
9500689
3044612
934044
8083277
8180901
1023508
5008250
2146501
2810381
4517524
8446808
2521560
5746904
1004809
1065030
6674894
1377858
1036832
5809673
3143196
9695076
2176046
5961980
9665768
1530644
7269375
9706831
5540215
5928576
85786
262516
4075858
3990668
4547911
658655
7546408
1341613
6396919
6975458
7459886
5391209
4322921
8536455
6271676
278916
9582484
4917673
6905494
3777213
8551408
1777568
4092668
924207
3805765
1260205
5003378
9628731
7280778
4647982
5117068
508709
9185549
9680163
1154721
6470122
9452752
4971940
1256172
8479314
7500199
3462128
4074375
9147233
8672542
1400847
1416200
1196797
674070
9471570
8998844
8520360
7502601
8167138
6774475
6264692
9140590
9595410
6402781
7134446
2127181
8194333
5329275
9678018
2358489
6166167
1844006
7757492
4741852
205173
2892987
5846706
8454345
2267826
59324
5739132
3532857
1288857
7887995
3911103
9147575
9948802
6832360
5205989
6039553
7501493
8400664
9824441
9847620
7036579
1723055
4539643
6655703
2741930
4907964
8604379
6746911
2131733
3139787
4807151
5790585
4374153
534757
1008356
7216912
569709
5243247
5424286
1887183
2462500
5037097
7015329
5697728
4348122
2485458
3451145
1958902
3297067
4696196
6295018
4766484
4569716
1844001
6918622
2912982
1406588
8504486
2201939
7661356
6331226
6417591
2799407
8484858
8799735
9655874
5904963
4505423
394542
4021291
7214447
1846703
2933464
507298
2421974
6450893
3283431
9105781
609545
9787148
149662
2325120
5314589
1500089
1557468
6934984
7848760
7850190
4782912
9852894
9032773
7218460
53705
6516307
9557402
8946136
54698
1310099
7768129
470795
4592049
2074728
2095477
9269532
1177956
3479869
463679
9813050
2951417
6585842
2299243
333108
9956793
6583929
6968151
5197598
5379813
7393171
3046578
2571861
658655
4133354
1113909
8790343
7745116
3294426
1930571
7074761
7169923
1535316
9428194
9544725
7245809
5538829
6685575
459992
6766204
899960
8255391
2371557
8813529
7509293
2873706
8029933
4290329
842
1339991
6552614
9180292
2707929
9180340
8055758
6208003
7658499
8004693
7775935
7836968
5294518
6413200
1231973
6937442
661641
8176538
7944335
2476089
9025987
2717795
5101320
7057314
5314521
5591565
2165482
9504413
5527845
7300718
1534908
5667064
619443
9474588
9414403
7456780
4288313
2561040
8653251
1177837
5129888
5255617
6962607
9537381
2456890
1846244
8184180
8006282
6844493
2470449
1535464
7455417
2446773
3844818
8569420
1038562
5436083
8815085
7214144
6446242
8678796
2437362
1171981
3383781
8171792
6023252
5650652
4274
7127593
6626826
7052541
5053447
8286778
8295956
5950058
439851
729183
3084631
7071019
5839721
6909083
809112
3346976
465864
7099784
5709773
1120877
2490810
1220431
9489958
36103
7333708
8545455
6335614
7186620
7898001
9798284
7035990
5459892
142136
2394093
5720657
7554658
5419325
8357841
6836252
8631212
4328854
4411397
591993
1488986
7193484
8638799
2196919
4369686
3763863
392914
5695793
4014104
9052042
3044118
5218176
5735181
6251431
6720334
1161982
5584958
6028237
496236
1047817
3588046
8176377
7465764
7870643
9409944
9811668
67408
9266173
5142622
6114025
9027133
7400675
3336408
4641773
4728879
6417971
3836848
2544140
1448914
8738657
5393062
4014379
6987242
5422747
3334773
6366224
5350775
7639945
4771736
8591306
1681521
1885895
7816148
5892919
7048829
4286795
2100796
2508936
9779523
2659937
2038631
1251032
7795126
5437846
7309406
8812187
878704
4882390
9364800
1554276
3245292
6659561
716495
8744107
7602654
2453688
1848728
6652384
8685766
8628551
8874253
937512
9231787
5241864
9817349
105728
2881897
5198347
6887631
2661031
1257512
4253680
6675062
5189334
638188
3418654
8317284
8798945
7635032
2609914
3412138
8848446
9743553
2311042
5329275
8424136
4880206
9381123
211334
1785437
3554609
5222252
1656885
9681318
3294015
4854960
6262539
7264579
9299414
1192097
4254939
5666145
9814016
336439
8488671
1737637
7515423
2236166
9490204
9184927
3373635
7763458
6443063
4936103
2394657
9847545
4402576
899324
2445687
6825544
8553227
3998525
3309004
8363423
8875226
3119609
8436906
7733581
595098
7122266
809068
837082
6804794
3586391
8590268
7784531
7083365
4379980
6510444
2833962
3298194
483187
7674038
2081527
7955608
9879604
9296627
1082305
1049844
8073862
4007617
9714244
7525385
6195650
6428251
3993256
5202951
108293
8888615
5693841
9125814
5867299
3004384
8671782
1224938
8625001
3241713
3471875
9344581
4290652
4230720
3223384
816565
4571032
6087985
3342766
9701552
5161967
1800524
6351093
2828126
7884634
3333876
5341907
68202
5851806
1409891
6873543
2845375
111692
1760850
6384033
5752145
9404512
9037488
390723
4371587
1115488
498111
2079526
5473470
3843721
3309004
2181569
2451992
2262072
4803895
448807
5527167
15812
1496542
9539761
3070620
5187641
7921662
3807723
3911455
1510036
551239
9721598
3316927
7775943
5538837
5697848
8395040
8010449
4907719
6721711
9465087
7616144
317302
1678559
7081798
7857185
8401896
9769736
5054082
1410026
6872830
8027977
8466213
4137397
1418780
2883884
6706514
2227385
8704459
9424562
7210050
4706704
317175
2593165
7381921
1948227
7959377
1630554
2340018
7584093
3389233
9638734
5434272
3496246
3837586
9900965
7964494
658142
5589823
2390946
6602292
1877085
5311435
9594517
5640845
8451835
2503035
1388131
8445166
7149901
1904097
9717117
61211
7499526
9603235
680415
2864686
2098505
4482664
5570276
3962574
5742543
56091
733659
800140
4058677
1341613
2638739
7238061
874751
2423529
590012
3793913
7845140
9905274
884126
527442
8968933
4094670
2483846
2043636
6958903
8405657
5616996
8680898
4400278
2197634
3668060
2847892
3228153
2510127
9192254
8597085
7165386
1598996
3414632
6238365
6201101
239286
1357478
98649
8380275
6063072
4392361
2786014
9748243
9020893
1658262
1603421
9664740
2943693
3838969
8662978
7137871
9693767
9543270
3996936
5707014
8841668
1735311
3491214
645923
1453531
9574442
1275451
6073917
2946099
5831401
7753566
7218104
5574941
4930234
3884161
3199486
7256042
5172466
7652855
8825958
8164874
3720950
6297105
5781167
2428289
7702064
2812223
3658049
898163
5575856
1092006
2630729
8726987
3890021
2717207
6845278
2850859
2104541
6132834
8317200
7104188
9148729
3925429
9950486
3024942
2452282
7636748
6467395
8791246
3294493
6385084
2000209
5291851
7134310
3607760
8269579
2835245
6930384
5992578
5301571
936177
3377597
2447658
3892265
5274564
382014
830940
18732
6499694
1771405
8424257
2174348
5642834
8557026
1313451
8177033
6740145
2662347
4055066
7754736
1216159
7287598
1967712
1952622
244478
3661651
2181379
7070131
2933853
7848819
1726555
2643543
9672150
9381252
6270154
3340359
3744430
9838900
7535
6450893
5702133
6026968
1261939
5349443
7443918
6361478
4548075
1827013
7852218
1064097
503229
4216410
4395632
3809976
5312511
8115135
9763031
1993243
1227818
5771820
9487534
3372049
6903226
9594275
7357531
1360737
9719049
2264249
6192118
2857699
9582891
6049898
9804061
1030980
4320924
5442597
6105850
1904643
853052
2150924
9219282
1174090
1209008
6797321
3541934
5039891
4132641
2579934
6761205
1092628
5876374
5105918
4262161
6773770
8583884
434607
1461408
