239137
6046001
8296143
2279089
5457746
9300600
762769
5896821
2700664
1893977
9763131
1433280
4438540
3448327
2602788
1508804
9367255
668845
1838754
7620399
7476769
2873669
6884869
479569
9337630
6467723
3645583
630234
1277622
6555480
5069977
2570765
3789582
5191523
2050539
2235916
1414223
3853244
156924
8914139
7687804
9132609
7705935
2952974
5062903
3760914
4097125
4225894
9335352
1118328
4826102
344047
1803216
6551608
6290742
3757999
556605
7060611
9513533
4636669
7059978
4701776
4971876
3700717
3181217
8380660
8695785
3654424
4699406
5487641
7382141
2534367
5541060
5538594
6877058
4215347
7338822
6999195
9790912
9987179
9760435
9899896
6735147
1140986
2929316
9269458
4194794
9796855
145659
5478867
9492870
528030
7941410
859716
6146451
3820641
9641270
9155551
6867359
6866556
7532432
1855305
9015000
5026230
9540358
3109651
7927216
443930
4419970
415310
5498739
6378576
702923
2349405
4818085
4487395
7382270
8278744
4714560
877750
9506791
8744392
769918
1820131
8576747
1558147
2681998
3177023
6126481
572233
5089668
9832420
5858424
8832759
5064935
2871680
5649580
2504449
8326662
3766663
2080277
1938878
6684626
8719005
2529802
7885100
712404
7171347
8110517
6350569
5158095
9963456
4886117
6986813
4193845
7156177
9024470
1383582
1976782
3765369
4352218
8600554
4111255
7195760
1828354
7831741
506410
9150629
27325
38865
4538932
3635020
9048806
8563685
7366510
913178
7308547
70672
8162651
3782057
441199
1988806
6119285
7469775
591850
2092211
8997968
9908117
6438086
5593193
6246957
1262378
9654806
8474143
7023516
9936186
6153943
9921072
2531899
7252478
7979459
461867
384402
5114105
2950840
693446
5268083
7739634
8455742
8376014
2697369
6113171
7006501
5116431
5048850
3184047
5499523
9538933
164692
1928445
6981038
3723472
1128250
1483178
6679752
8054381
6535558
3220684
3908778
1415936
5816579
8636779
7041319
7145100
7837084
7003606
9778439
7660157
4249298
5621371
1970866
6658712
47370
1329522
1679365
1668537
7712738
839142
932868
6650887
1582516
1962784
8176168
1660035
3550460
3204467
4127009
1899917
8310177
3550244
4372724
1549128
9225097
9950744
6953650
9517800
7947738
7095943
4708851
4711265
9036906
778310
8805269
5735384
4596365
4062884
8269816
6899947
369787
6327760
6358285
8750206
2254122
7152953
4764601
7267118
3326639
2311688
4452007
752038
4484547
296699
8495291
5641565
7145758
76699
6112939
9096857
3320629
6337992
6844765
9235893
6256658
7683085
8502710
5676714
4436858
1795585
2876593
861511
1060871
5015035
560925
6045287
7560568
2768647
4566969
9704727
4621455
5396250
4584837
7366504
3612683
2139787
6028834
8669202
4731336
1395600
7793356
4000078
372712
2378595
126456
2425593
427907
8454058
6144631
1999281
2947265
7282606
3856261
4355923
1288150
2007262
3746799
8516857
9729859
8303234
2389772
88836
9053839
4528366
7993758
9233275
8231509
2003067
1706559
199283
5922332
3913231
7339449
1127043
6982677
1611663
9820305
6466101
4631079
9136280
449469
529871
4676935
8542457
5876851
9530964
2630131
7707551
615070
8923719
5452471
6947378
297037
7790479
1463791
3362505
2212738
4598394
7920391
4035289
3561257
6953029
6193330
1240849
38289
222884
9417186
8684868
2615966
3446268
9673208
6724147
1914416
7554453
5217515
199484
1029574
932488
5613184
4613305
4615220
8693327
4729303
697643
6701427
2149180
5238115
4627880
9068282
4598849
7356090
9571183
3775289
732610
2859785
2724846
3825877
3526837
817300
9511752
6941674
2143992
9321340
7777990
5600673
9448641
9085120
5429253
8185662
5547854
4653174
5765123
9592143
6872288
563470
4317312
7334719
6044191
7591526
746418
9083340
619244
5611496
214527
9367417
9329828
457638
2875988
9074950
1923818
2946041
5873176
7994236
3725356
1510600
2370860
4911293
6004724
3098065
4277422
8174526
7439508
5563205
282790
7490296
8413769
8581564
3553215
1825073
5318452
5771959
3093790
2785425
3945302
3295549
1973582
7591067
5175522
6946990
4759578
8163204
1174717
8220469
4657743
3775320
9452921
7180603
998792
3050203
315310
2821105
4614853
7926280
9419253
5467679
8213758
6950757
4034795
3084133
4961151
5131385
1352915
8971799
9253794
5997539
3539264
4167137
7665105
6045287
2150605
2051876
2258078
699321
7137090
8343491
8958727
5923307
3436081
2354638
2701868
7761695
5693063
52048
4590070
4844871
6350816
2297243
9796962
2320887
8698333
2451079
6159900
8320744
6586447
4431431
3573605
8167614
7356870
3892300
8733366
3781014
5064466
6027059
2268056
9637052
266006
7075705
2755491
983774
5268261
9056146
9610701
4328663
2100598
455500
6910235
5204254
6971072
3708362
4112000
7494567
2069229
7159216
624194
8085391
322888
5125742
289653
6748072
4119699
1370583
7614483
3892820
3834399
3717638
8256276
2151898
692197
1408033
244967
7814934
7389049
660028
894380
6182646
1523069
5107492
3491156
8037463
5071286
5814507
9703911
338333
4099570
5681516
7142149
2838384
6041452
3885952
2666410
3752916
2048405
2729401
137187
5000032
9970072
3032026
900705
5882811
1968107
5222330
6682014
6176804
1612312
1247105
6968258
2599153
9982138
9619253
1197446
4980178
7456983
7638828
4063615
2607249
3977047
8982925
729476
7961569
5326870
3654304
2195321
213494
7724618
8937467
7478474
4294945
3097984
7069585
3942521
2100884
3533425
1342041
7763311
2950023
2792980
428164
6302521
5173169
696022
6690597
696366
5416070
2720715
2959155
2944233
4460697
5306987
8771229
1106813
7648792
1996983
6123305
4448356
364650
5919489
5201498
3107552
765410
2330441
3810158
666423
5140276
4833884
1327575
5809154
717365
568430
7920233
8792774
8066978
7788872
8812190
6627990
488942
3476976
5132845
2578055
3673882
7871390
9537006
4666901
1327885
8491775
7511587
4841576
8426525
9139170
9258096
8074628
5427204
6423969
9357531
6128346
1747535
4107803
1715297
8911701
1027599
2128401
1222801
4608975
4107920
9564235
201948
7651244
1792778
4407786
3685000
2484156
1928746
8077355
619657
7918422
8085234
9994956
9653913
7996630
5303421
732927
9209836
4868966
3513893
2265705
473854
6747
9707487
6523128
2292305
4916577
807061
6175267
1584743
8786413
8964508
3578087
9986117
8506957
2058369
478942
169518
1164577
57515
1948308
1269429
2880043
9321138
7127718
2399922
6805375
8903557
8877103
4683529
6215525
8444886
54396
1683004
5668279
2454651
1579402
9974417
1619580
9331276
7214759
7207486
2808570
3080152
18586
7029487
3804396
4137734
2046121
4260782
2615267
1687019
1567682
7515174
2482090
9937645
3624012
2170435
5041000
1147392
9114559
1568054
452150
505534
3180448
5593120
227224
9520786
8029323
7908875
6392423
3318290
8948164
5057021
8559391
9779847
2512068
4440982
1348837
7674078
5658969
7208158
3650318
1223808
9558374
7073978
3390558
4305543
8611046
2183732
9424075
2398115
1975501
6614901
9244457
9160088
2332529
4357680
9970401
1249874
621902
6159296
5980332
4937327
7569305
1213740
6292516
6778808
4088899
4785387
7925262
5882667
3455758
1604760
5814751
5770560
7447959
7499925
2123871
2724892
6373955
6014364
2906364
3290618
2257650
6725503
295784
6171186
2184016
7561731
5219852
7591036
738030
3899583
6771388
2926683
2589019
6429886
9194612
4444587
1772772
9826050
763630
5398972
4990082
1252509
2917676
3660439
852660
6892240
759927
4075576
9842143
2046906
4914959
234197
7550461
4233993
7974267
8262222
7851678
915467
4809016
4030204
78600
6336986
4769712
8600029
6388062
3017860
695361
5770365
7745654
4948500
3882302
9429223
8694593
5909665
1652910
5365317
9851317
9519619
7397670
7933681
6735951
2500852
6577185
8966803
9412271
7789763
8256042
8194526
2885873
72943
6335883
6915574
2857941
1288206
344566
6361691
3140357
3126801
5046978
9373578
6589739
4954854
5621405
2549011
4927333
4519414
6945738
8983384
7177354
4038587
7959583
7549443
8069322
3542550
2703396
4427954
7176357
5166591
6246368
3763715
652886
6230991
6822021
8659600
3466398
2756147
8574994
3120943
9852934
6586012
4784139
2844993
4594012
90833
1450261
979914
9429835
4556954
6644018
2980973
7985423
9745761
6174790
3770518
5573232
9040970
4420778
4610855
5761869
559987
1913179
159682
7868346
7184438
3981829
