5317459
5007287
136478
3303575
4711748
392995
5823755
1294895
9753009
8623222
5083822
5744196
396932
2687353
8118177
1752743
8527007
458713
2425822
3573040
7420124
3137585
4778220
7772478
2125543
1630670
5158205
1981015
1386832
2594572
3543891
1546048
6625222
5038539
4973323
4494832
2008588
1246938
112368
2164610
8844239
327956
5743660
369588
2347414
9516359
2731125
1994084
2328029
1566673
5626041
652562
2918188
5922006
1933500
8187339
68956
8020504
4951199
9064845
2728980
5834220
7874017
3491613
2090294
4202865
3010823
5963061
5225822
4374251
5789667
9670631
155043
954412
9806513
5327835
6979281
9349898
810015
8371066
44266
642498
7187034
4103014
6829530
4488921
6120134
1091118
5665206
8467086
1848841
6631064
2926526
8646720
6239329
3001075
9929185
6497781
1879301
197605
3821495
5286614
4418621
5507109
2494240
6640709
335126
6460925
7599336
1242753
784090
496159
7338367
714482
8729291
3870084
1998182
7286003
9438667
7880444
5295437
6917668
1821262
4866250
7678000
4810487
1817865
9196373
5460796
6509041
6615095
8947177
3764303
8134099
2626725
2317777
4517658
3962715
6513956
3691044
5816366
727926
5610590
8198623
1445307
9959229
3651533
1938585
6694321
9811773
9865368
387247
8580590
1284799
4002424
3427567
9863086
440414
1223168
9644637
3006334
9477454
7817101
7027346
6681485
2025906
9092553
6381050
2556537
5678118
8813820
9086715
5921558
5926276
5134098
8737055
6313077
5427841
9211070
3240843
5675902
2678356
325659
261011
5808540
8696662
9512745
2444933
1000294
1973700
8714715
4945965
1682970
8307486
8502663
8204513
2170647
9361860
3532587
7453503
1572368
7086516
6636743
8650114
1231670
367078
2496415
2291935
978042
770167
1791299
1035899
9384164
1386463
603483
1646251
7490414
9399733
4215808
3317079
1646243
7897454
600557
9223986
8550904
4071053
6012484
3893972
9662861
304853
6028541
9416709
7328385
5013672
3350901
1514988
2651381
2152352
4657412
42693
9694498
9880157
9193922
5101850
2244360
5444519
2057827
2357848
8789751
2292039
8596099
4711590
7320175
6860824
539965
4597258
3472946
9816790
4428668
7848621
8715536
6365039
6016622
1572969
9591082
2196869
6610644
5917333
5962053
5745575
928534
1700663
8160296
357951
8470423
7302582
882941
8186898
2186098
5940011
6008362
2021653
7246645
4375334
8173099
1300202
1301718
4430602
9221289
6633710
5692277
409174
1633115
8149262
6962676
2148632
5530862
6528125
2142406
8038860
5391555
9016772
7930569
7685536
6097511
3220068
5102907
7889085
6808594
630610
8431344
6909528
34185
5710900
4626160
2345720
155934
2748763
5615521
5188296
4739223
7725100
7222268
1652495
5249199
4552857
8220575
1525433
6704091
5496865
1264213
7462585
1731615
1572859
9286507
4359085
5917247
7852593
8419045
9067340
8751310
6559369
7185090
30402
3456467
3993957
2116510
7832386
783015
9838521
3492501
6733299
916811
2439953
4387455
2272181
1547559
4487405
8943892
2262392
9451242
8164702
4621268
6943699
1124376
2698416
8647611
4505403
8826389
7410007
319449
7701355
4729542
7436813
8343150
4883801
1492473
5869126
852665
6340749
4029829
8940378
902584
9976222
8698522
7397474
8572992
2030187
751811
6019981
6739361
750430
9212240
766171
4223371
8657601
641774
8548271
2863955
8207532
1278893
1350445
5065518
8698345
8574165
3057505
3449588
9286689
2683627
2374151
4334998
9039929
1915408
1354215
6945779
620369
7925481
2713747
8110474
9921629
8459614
6851744
5817307
7718479
3179129
4310144
4880914
4673060
2107213
3887573
9110133
611463
8871276
9157887
2766849
5771399
3705739
7396242
750123
5958831
4657494
8491848
2557567
6843448
5034753
5187747
4657922
8379817
9405846
8180494
6465021
6605427
559830
1283198
6051048
9407034
277347
5154056
7671326
810269
7695162
9331556
3322799
6190490
8479232
5278727
3658657
1491703
9586836
4427635
8690498
7025233
1881183
6188954
8822055
1001265
7136019
8605568
467394
2631610
3753109
712022
8190018
5944172
2063932
4150721
3191367
3226030
1610241
5057234
2503890
5460548
7003147
4884398
1604447
9483019
4968726
6579679
3976728
4286271
2119324
3988931
195108
8838195
507851
4915739
4489778
3330077
1759050
4777345
9088846
3533386
1155168
8219571
5183886
7328697
8462120
3562852
32442
6689085
2944962
579886
3454224
9937337
5448828
8797939
2497706
357171
5718185
1792648
1719498
9868364
5219369
3720469
7842580
8759205
7029278
6989347
3844244
9471425
8604890
1777239
6446266
5480232
3790768
5798115
6744962
7025978
9393909
6939129
7911825
7483461
747630
676996
414350
6426509
6076219
7806050
2344432
739771
8627938
8800675
1722954
2277949
3139843
7280243
3838099
6514531
6623602
8211074
9090698
6766388
9935513
6805945
6272403
5276824
7691842
4815808
5019320
6545592
495
241859
363728
3671401
6025106
4216081
7664258
8517604
9782103
6884345
792816
4378793
6540525
9181878
3033028
6554809
143042
9954754
9513707
4439512
4777236
1601776
2663730
1820522
2040433
9925315
7640376
7604315
696863
7506955
7830091
3645104
9194900
7914420
4814234
1927451
486608
7361728
6284569
9113145
544116
4418663
2977248
2179682
2588883
8269854
566942
4708990
3007395
1539395
3465623
8195799
6171541
8104691
8873429
6962320
8166830
9216837
4643009
2954001
2177934
7854756
3158420
9372219
9429968
5417486
6816157
3677928
988731
520233
2120602
8348486
1559292
7120773
831818
7187304
7060423
5938429
2545485
769709
3006040
1795775
527068
8263438
4779919
6686338
8512417
945908
1981192
2260593
6830727
1899179
5322565
2143274
2709786
3539973
4195399
9352562
693547
8557942
224709
3859519
4913289
260859
2773059
3332068
5323598
8320019
1143445
3408552
2121860
5616647
4395338
1803040
6258447
722452
6931464
3666153
7854944
4816680
1758132
1378770
5585278
7839174
729471
5218901
7698300
6369508
3015183
8047977
3807992
203290
4522475
6913566
1629159
4124455
8558733
9452754
9119233
6110064
1384902
5610590
5535750
2797069
8499960
5055957
2921941
9629700
9829833
3565971
3374790
7598566
988274
9651945
3698165
3293555
3019452
9284082
9304958
6281966
4149924
8482603
4465937
9533398
3216964
434777
4270859
5049420
6189945
4554027
2579494
8005940
9677947
5134098
8343317
9297216
6032903
8613183
1949394
6904645
3780736
3229013
4520977
5318630
9706073
2750854
1128573
7775387
6045842
3285551
1951650
8296648
1225875
1456344
7415992
9510980
6658230
1508290
7154469
9063397
3505444
442509
7523046
9724497
8025961
3146910
5192817
432101
1544051
8754920
6911439
8430475
507930
3593235
9092425
3712830
629588
8557398
1982911
805586
4633529
2837653
618212
9057058
1507960
9085955
2468162
4003375
1225237
6095726
1301170
9642765
154379
5605411
5968426
9027713
8923484
6448516
7561271
4111690
8816119
1857155
3598050
594890
6572438
6670612
8777266
2424497
7560642
1115519
5281692
1723783
7852768
4604218
9631448
1258613
9847753
5440162
3616980
2738190
654699
5481440
7646051
9710086
5980380
8075332
3213297
2997437
573269
2959410
4741498
9067936
7161191
6126140
4921069
1307985
5552188
7776320
2657135
9692723
4227990
2519616
725379
7419962
5619970
563211
1672341
5841507
3184608
1774079
5318554
3232379
3598748
2077566
2874941
1547125
5341013
3096401
330121
5995492
8100492
8932710
4446960
4147235
1244684
3805688
4435363
4523141
4382734
5283700
6432729
8308952
7510749
3823870
1565824
4014415
5075510
7161939
5420013
7583594
229978
2886889
4235942
8992481
495784
6069492
1969325
3466590
9778509
5069038
2147360
9545194
6377867
3138174
7302792
7612342
1252980
880029
4137127
7431979
337657
1158858
7392363
1087343
9113901
4458131
1106953
8641584
4140654
8589584
9714415
4179949
5830656
9757244
5072031
5868005
2237361
7229733
4986985
5397316
3334283
3525686
9005531
8440295
4593840
6934430
6748269
140442
9913224
9311299
4324504
407050
506200
8052344
5348008
9657564
9572177
8965838
9732152
9247989
5103669
8246517
7119994
1489126
5563899
4537675
7003971
6580575
557310
5972303
965930
1919363
4111329
133786
4872473
630952
9737179
8494199
6691783
4854621
3522818
1379804
7535343
5015563
2880629
2935412
2224242
8960924
3780160
3829507
2982208
766726
6065608
4206421
252276
5670609
40691
1264306
6839600
1098959
