8321700
7338836
360511
2169884
8490094
3190478
3108421
9279516
8742425
894353
4385106
6746765
5940096
699378
8009252
3385166
2758747
2608606
780660
6866037
1045372
1970777
7719822
6700276
9862400
9816271
6837671
5883916
7660125
3302472
4936669
1683861
5004767
4039990
665815
2270747
517811
7707921
5105418
1917463
7993198
9512868
7368744
8349775
6792049
9372761
2348212
1379321
6509412
5476080
8075329
1623425
5504090
728212
7416259
7652590
9322209
5443716
5670138
990442
6140250
9695766
5170671
7839362
1419334
7027197
7362234
507578
930723
2900494
4392354
1632858
1400656
7260297
8424073
4708958
1815602
3445824
9557406
6877803
6789868
8252449
8305677
1852740
396823
264202
1974167
231791
6637629
7491144
4834245
7864328
4927243
8290084
5184797
8424987
3669810
2736917
4943895
8105209
3464973
9001863
365853
3606725
4428215
6721804
9420254
6492157
5355772
8277086
4153650
4776905
3604442
8691867
7894465
759545
8438799
9979273
7461371
7234843
3416757
2454120
5146180
5191098
2946022
394196
2907095
6887816
1604182
3881012
9319085
7260798
6027224
2257650
2498449
5116312
2703449
7056734
3140257
8897636
3975186
2159249
9285974
9172587
9245279
2042829
541261
4538355
3824003
1363918
2492596
4170624
9995260
4395921
4262325
6946707
8303652
6898785
6167858
7744705
8183066
7361637
4799022
9031128
4109779
7891040
721638
2183062
5957907
3886067
3424265
7881273
2414779
5665396
9343160
5429319
2770226
7833852
1864892
6592554
5852569
7215889
3238682
2569756
3789544
2804176
823623
8418184
6674789
6615447
7762780
7661010
7853792
9986449
6647571
6371641
1238313
940804
1556956
2020461
5339744
3656065
2792998
8850178
7847601
2366351
3004873
4522790
2636806
9230808
4891011
7442886
4479263
888239
3225911
8968903
6343291
4037954
2615781
938467
5511429
577421
2334463
3611568
7776389
7287149
7738815
7006135
6713365
6560788
7404433
6058388
9653254
3684754
465765
4691672
4971395
7799892
811758
8922917
5033706
7894807
955178
1143573
1924225
2745713
9420984
9101738
7476247
1750205
5283128
7947859
412574
5935048
2690014
446894
7229345
127677
5524899
6885694
4274391
41966
5738740
5825119
6733993
3966052
7239077
4703791
8199844
3059416
5290659
6793625
2750524
9220697
1576174
9206149
2786428
8933621
7979051
8613706
6071812
4902502
3061376
515952
7391989
2534542
7388732
5273385
4852294
14847
2494675
1204824
8947195
5354607
828592
1330756
299006
6569080
2817352
8445574
241304
8014978
5796162
8066114
2206402
9981786
9413530
3820976
5472520
2419089
211317
8857813
5164332
3647212
982203
8554348
6392478
3530177
635308
4179529
2198126
107306
5398776
685238
7281160
8798208
3583352
1716852
8996122
9289184
1343184
8288118
697467
5603274
7109164
4542744
2971449
2674725
2543907
624050
9156477
6425230
9514675
5760447
3220853
8624345
3567729
5640061
7582977
9406347
2909369
3094480
4957639
1743158
2886708
621982
5024729
1181733
428579
6255648
3834736
3751078
3818411
6149890
930123
4047391
4944905
7274736
6567266
8086786
2787174
9811784
1794985
8035016
8463969
4983022
2551743
8506204
508487
812299
188881
1281503
3473440
2175580
9324420
1191910
640027
2062976
5380723
4860567
393181
3896921
1558883
3818629
2651881
7139202
9140010
2784404
3775670
331375
707446
8459082
805287
5386799
839532
9090103
3937423
8250771
4024497
2306021
3547481
8782689
1682397
9708471
6415120
8802048
9817143
5902407
541428
5457651
3601818
600960
5038725
9203573
1008234
9009442
583044
619557
2299965
4826291
3606234
9288724
8645464
3842959
6680421
6405585
7305609
357879
7733096
2672254
3186580
1698405
2607868
5304014
7427146
375210
6045436
1888661
1212606
7540915
2006570
66284
9690151
9322108
8208611
9027846
1929804
1080326
7314527
6538550
4370308
6714915
2490894
4266873
9667199
9433493
925507
3308923
3835129
7999465
5325450
2289137
7716023
8877674
8046085
3125487
1609326
5313640
8502513
5656270
7065870
7658760
5858165
5815165
8002805
9853261
3748184
45613
8610118
9418564
9919242
6705663
7265509
3755103
8761923
3428704
6301249
4490954
2098207
9044980
8991414
3870621
810353
15509
3524457
5215180
5707125
8125811
447261
2611864
2961248
2420533
8632873
3411827
5176352
2961869
290330
5903271
5874963
7406089
9873795
4555658
7303158
39688
5788571
8852290
804815
6360693
8385910
1190738
1039821
9807544
161923
7489007
6234150
8247767
3323477
8384887
3122559
184621
6648867
7739610
9377838
3589704
4778628
3834897
9490844
6558330
5865369
7750164
7829413
8489575
5294288
5469793
8453267
1301150
8972437
8014771
3015974
124269
9527149
9198340
1915031
6580812
8871994
347160
308911
6792072
1110321
134793
6416706
2101199
8890070
4270730
1044935
5160001
2946973
1393348
3073210
890119
3731629
5279867
7235682
660140
9175486
4910240
412352
1898082
6689704
4720381
4584542
1976271
720988
9777291
7653128
6534146
8685640
41958
1197185
3363822
1443817
7538636
7024568
9496449
149423
1745458
9246492
7433195
4312246
3009558
2392022
6537295
3850722
906008
2932087
2464027
2638131
2707354
8012475
6088995
9346828
3367547
974132
2010799
7488187
5740588
1268666
1455786
6574018
7039998
4376965
9401258
5068426
490753
3924180
9292488
264967
80124
1359144
2963658
1029021
2917691
9205102
3508036
801967
2804957
7222305
9735594
3869393
2915311
7215762
8329885
5410642
1573780
8440002
5024228
9603942
937778
2561488
517489
2140922
9972160
3312339
1190699
7761312
7360953
396213
9049907
1725648
635219
1268048
6535532
2617469
5033094
2546025
4183157
1866900
1758406
8103014
3281588
2518052
5096655
4566396
3825155
5021639
1712880
2120840
5234244
3059662
2842175
9021271
9864958
2874867
5534614
1708642
3672130
3908906
5101631
876259
5646348
9042437
2985021
3051095
2292154
2448134
3620939
38896
719393
1771196
5140773
5937178
4812770
4790776
842763
5055956
6419304
2212480
1605329
9888355
2934138
3883549
2601155
366358
1132136
2518566
3642406
5901728
7358994
9274133
7839772
8547015
8600567
3318496
7056691
1123034
3014509
325906
652333
5019545
8520046
7482831
4137872
2804361
4167339
4082543
6780758
4292113
4907071
7547128
4792332
6106113
7660807
4851443
4183574
3456416
7225288
9407967
9993295
4844779
6641903
9373678
983354
3407555
4507128
5462432
3225454
584654
4987126
4102926
4435914
243042
6873150
6695412
1854120
69465
8267154
5279352
1832695
412504
450569
6637439
2176345
34661
9532570
5679849
3605867
5292165
5880425
6494459
3448813
4356761
9844172
2456007
5746399
7933803
6256877
5538344
8757309
9945884
1496200
1522353
2849443
3963484
9480931
3019872
3199474
6157783
6747634
8969693
7408165
5775804
2783883
289083
7738366
3702694
2676327
163600
6300274
4277890
2214140
2107206
7276290
4019095
2263768
8303614
329893
2249282
1746214
6037064
4001307
7911761
4889703
7192333
3717857
7635412
3286620
6551822
8948296
4425844
2450451
9632277
9803283
3531520
7111906
5456137
9975113
9290958
5075211
5612126
3268466
5600044
9170046
7137394
1221379
194311
8609271
3757913
5882441
2391406
6572995
7907688
3790632
5716281
8579005
5692601
4171714
2813950
917091
5088921
1839574
3027066
315934
4524927
114537
4544415
6136647
4188161
4550662
7636038
9880998
1442793
4091022
8923895
2170919
6441383
1411814
8336750
2806188
1966513
8922945
9417392
9410405
2296750
2888144
7761510
5068122
9432839
103308
8408334
1639220
3218138
1635346
2882263
3912263
1638296
6726503
846730
1341525
5551879
9674416
7381498
7804962
8303914
9433160
9423233
4502266
1701231
1228989
7814476
2647513
5902752
9928305
9096912
9214556
8047665
2453736
2772662
2933873
1999181
4140209
3260077
7273597
4880190
4789836
4941052
6939481
477844
2676474
2493377
352282
5500605
3420765
8914326
9583412
6991174
3827211
6685328
2385845
8809274
7704595
966850
3239277
8373465
4239979
6019501
6258397
4496257
3616660
8805191
7804625
1958191
9003672
595436
3446337
8107365
6354604
8597845
440523
9246594
6735119
1905795
3200196
4410253
8790150
9802397
6144459
6908718
1821721
1981279
119746
3371583
6432209
4129655
819794
8311426
9058712
1115236
2993248
8789890
8060198
9283563
4392222
4484177
9207259
3753748
8237851
6778529
1767641
8349242
3418404
