8904752
6662909
8705559
7483283
9644387
8138749
1331482
3378838
7518354
6269434
3407398
1466002
7072398
7098376
3476562
8142113
2266347
6010596
430233
8431313
9541260
3353830
7398229
5867692
6933664
1671969
5380606
2487626
9158494
7673733
7386173
4202999
916243
8441282
8790582
5416281
4224913
2557448
849575
7713828
9927112
3929208
6129506
8861540
2744503
3267348
7633821
7270147
1234770
2489421
9553960
1956350
8363149
3766755
5526954
2294518
3390709
284328
5970386
1849154
7566387
3844796
7366700
989047
9273743
3871424
2115306
8791384
9434735
5099556
6610594
2100670
1306998
3731787
3168151
1581172
8257625
7526013
9223256
6390862
3766677
5533370
7834851
3135590
7841150
4202191
7383124
1651251
654977
5654937
2796537
2901303
5116998
5160239
6500593
8759672
4116396
8115556
3552664
2968143
258382
9567703
9245802
3001845
5317403
4086612
1609540
5072703
1326834
5605663
3448103
6027666
6993708
640519
9778042
4107166
5330557
9219754
4394449
3015648
3513585
9787581
9964917
3082502
2702656
6528320
2492532
7938850
1262562
1640429
4919584
4128815
2171602
1115769
4946839
6732848
8576496
2994767
2454616
5619779
267523
8360009
4149755
3252566
7730037
3903306
617379
1542655
7407114
3268925
6405308
2023928
603104
8986414
9559002
4946348
9023132
849115
4920531
7817422
8418994
5530237
9432679
8237328
8135852
8956874
9133891
1984302
3632388
2159115
7621658
2022187
3756092
1071563
48917
8156628
4674839
1102800
9855455
1553627
8597213
6750262
4807501
3288672
4775324
8213359
8204198
9340006
4922654
3067036
9535839
2829959
3038794
7065519
4396855
2738139
4247890
2449464
100802
3081492
4289077
3627194
1901219
4364648
2984404
5127759
4138084
3704311
8889697
9153525
156503
8476180
9455640
631459
4861682
8241255
6606108
6122629
5371272
674561
1685329
9724851
1183479
1112765
4995960
1487995
7297374
9687044
3995505
5023996
3389157
6879998
2558143
6044155
9927997
4976872
1047297
998594
4637234
2228871
3180663
9611561
7194773
2498452
6254147
9080534
7536460
4332639
1098443
6840932
625445
1491350
273324
6732705
7418957
504464
5271729
8734841
7239952
3379800
4618636
1243592
1620159
1588783
2799178
7075026
9349689
2300034
7683414
8365632
6232368
6490184
8706834
8153205
6107318
3306704
2071092
3398479
1292059
8197239
7127663
2682050
4643345
6835984
7775324
5226682
7801077
4938603
6216815
767693
9090389
6429321
5453042
3792724
6375617
9677808
3632416
7781792
2124749
6689479
7017890
7451291
493595
6219094
3370992
5153657
8590008
6558458
5323705
6600543
683085
4950307
6832800
2355549
7905243
299594
8153635
3726296
5754506
1769705
9441687
1945450
1116845
1000043
8688717
4054364
2092736
8102375
8525345
5070122
114483
5088819
2851963
3271125
5196244
9195045
3991581
828197
13426
2699042
2972132
6276192
810809
4575743
8270532
3508460
8500017
6788263
1521979
9751420
7840038
9716949
9643086
5805027
6543541
3284046
8730752
3461759
5421980
6276112
2880224
265441
7331767
7393950
1507271
9567674
4542584
5949139
3354759
9225727
1601078
4739191
3475584
742375
4365598
4241483
5460529
4536668
2464067
3598171
1585539
5906819
2478475
1184409
5566128
7877702
3648005
185151
6445372
1049356
8504058
4134791
5502052
9262913
9776820
8564099
146532
9016661
6584368
4970996
6007072
4426411
299263
5179333
6637731
9851975
8508725
326636
5681742
2437386
8047934
8889112
4305616
4569730
4812281
9207539
2179205
7839574
855450
6154367
2875192
498988
4854723
8127923
1513943
4736174
7180153
3737836
4520941
8571373
5339224
1980961
9831894
3889751
7495619
302467
8638019
5219714
8394587
955336
9692064
8272478
8764892
9126263
24271
7064088
6877021
5953657
4884110
9889443
4551236
2687175
8464005
8545384
2135079
8101088
9700459
3559669
4000743
8296690
1626587
2743433
4974341
1636241
2032579
4688667
6532945
359834
6991685
6073968
7918190
2495591
6937497
4608467
7274866
6556856
5117774
6600518
3649807
367310
6778310
3521932
6749012
2159168
3718316
8482540
6101541
7965756
1120273
4680073
2298851
7797893
815762
9713312
5825537
4091371
5426142
2306271
1963135
5021998
7564412
1608337
7361606
279078
1281269
5941485
797697
8992585
4280269
9512561
3849846
9964394
2385460
3248959
494472
5739432
2414947
8342309
6569968
9987334
2417645
714088
201920
4179442
4631824
8449464
4014754
7213527
1122951
1042124
1161114
8624741
5900030
4866339
5017658
6121580
8755534
386597
4728673
9828255
3866488
9035907
7803316
6086210
8659476
7906017
5609446
5650672
8745938
5513489
7333498
7642804
1639628
1445252
5127081
710724
6248341
1942007
3266941
5730523
7345181
5250532
4365873
1207876
2904542
3331213
1625073
6919930
1268546
3764165
9031866
816532
9746198
4286514
9838977
5652069
7114673
3518737
7042973
5938219
4061741
7172939
8719648
9972140
541457
3917101
7497921
8260805
1488123
9533992
3493370
5407637
3705255
9090065
9983635
2378090
5141389
4099243
9803379
7464550
9105110
1203035
5701561
5927578
616392
6061167
5976773
7551365
4202453
842418
2369458
3513756
2504369
416337
3652621
8663877
8925116
3968976
3601545
1294623
6881237
1872925
1595881
375112
1780409
1545650
7827507
2134154
662745
9866029
7751261
6210464
2973727
6328740
2163240
27838
7821821
2233285
845688
513096
6853288
4881398
5756961
5534623
7759418
4098954
2099717
1837936
4770481
3652140
77036
8306760
9449383
3723704
6135854
3318656
2878187
2478126
9460141
4222595
113418
1373569
9580724
853413
7872194
7899022
5725771
8447661
2149766
894083
2179072
1785624
6642433
4950626
2768624
8036554
3250086
3223016
2105721
3738920
5051336
6755434
3462614
4707756
7957393
1827413
9665691
1703045
6802290
5333324
7622062
737760
3899266
446360
9614240
2037854
5366181
5364550
4344104
8666409
299747
5518968
6020562
8493339
3530075
4982185
6732013
1682372
1154333
6243413
3105834
5813158
9026874
1542069
6278589
3740613
1877217
7625993
7609064
2539444
4962984
5567809
395788
5460362
7030120
620397
2705186
7993892
137601
6052295
8764360
431553
6145396
4366289
1131591
8224073
4633325
1964805
5608437
5935958
9859105
7485396
5873658
9414356
6668935
4961838
2065807
9983462
3165784
7009017
1116926
5446248
9764131
9450305
7958120
5089394
4513022
6120
8245499
1425451
6557457
5331846
2338368
9360435
2505816
9110356
976733
7003538
3047265
8277941
2284249
1057045
3349030
5415892
2098496
7773169
2951349
1558981
8321297
5690502
1757083
7366211
3898170
7007278
3809891
8453193
9064634
6409006
415499
8823248
7008423
2899183
7953074
8005407
8880713
4471522
6971938
6622835
8357174
7919078
9564842
8921351
8204258
8096089
2877159
7412025
9455552
1310610
2342616
5945357
57558
8831023
8505507
2251460
7637063
1326854
1694750
6283069
7349560
5840929
7861998
602800
4568578
1642573
9460565
2979790
7333593
5677018
7716537
1102296
4579922
843409
1133939
1955812
3045040
3902661
2982518
8527571
5136761
8664815
4810204
7461919
2783467
7018343
5866822
5089486
8133212
8835561
1263296
5654176
4846
4747160
4914612
653
6957177
8801166
1392498
9304700
3886605
7098309
7454450
5547466
2137719
363722
5449920
2167066
5863660
2144860
822162
1623826
2895690
5346059
4566102
7801395
4022366
8257505
218267
6658546
5664172
7676209
8211537
2570130
3535859
187575
7160713
5142288
6647799
4737911
4298774
7690625
5895275
3412273
509346
7741313
8371256
870883
3640029
1784671
3839330
2011548
4595338
8821209
8051879
12999
2717115
1592697
7375458
5503049
5755751
8640173
6840605
488100
1642318
1332646
8148394
5060936
8318896
444237
1961805
4429152
7429513
8580298
8561392
8574827
5354810
1185558
519164
1271198
1976284
251108
4666353
762777
4001080
2327751
4114010
2268919
2535065
4979813
3145280
6548828
6410432
2356871
3064325
2552516
232571
1230997
3568940
9356636
5987311
8724613
8154335
4424816
9932507
5771007
5568772
9068825
3924439
9279650
7462837
6992001
9605634
9967153
841438
952665
5584804
7611916
344424
3498730
4611976
5239985
6402350
9502410
3997816
9277591
3230975
4493078
5384816
1151894
5459515
1070635
3832141
9503942
424570
7384766
522454
5440778
9995679
6954241
8617249
6801813
4604924
5978344
6801726
5893682
8397182
3177490
9507998
6237373
8086067
5130886
