156694
3766334
3266773
2737623
7321876
1932821
9833774
7910929
6947554
7148318
9131252
4000938
9173153
3801507
2885121
7748771
5693788
9916974
9320852
2615433
5915433
7785330
9764713
1033083
7211136
7921114
8888530
5600836
2148880
8014415
9083062
6109649
584774
2188371
275455
6512326
1190064
8171844
8128979
9403528
1771357
6414146
2358943
994114
6140207
6569458
601097
8136362
667945
3586060
3302071
3168615
9086377
286988
1950418
4173931
8711501
4523724
3742251
5801024
7379122
8960708
6914823
2218467
7649118
3473804
9365423
1821044
4399530
7019825
8785354
4779473
3443882
5355702
3729867
9382782
3813903
991516
4424259
9532794
5396942
5482530
4256663
7715193
7304447
2266008
9872409
2297982
9602878
7331331
9357650
3303971
4474970
3781145
7613801
6122300
9316222
7650070
5235168
8579324
5177210
1767508
5620196
8945111
4452152
3899429
7082362
236722
1852042
7858764
7377432
8338508
9511469
4064496
5796523
6547046
6127750
1425914
3979427
4014053
1643210
8180471
494416
9400061
6909168
1342862
2831424
7206937
3960557
2172023
3990763
8911222
4439041
2336515
903633
8839609
5341751
9449105
374750
2706789
2227070
2391603
4701005
8544818
8474095
8630043
9503692
5271050
3537834
1168050
5023238
9070206
8753169
5109346
6571088
5091864
7088461
5294065
3410024
43007
3243625
8957042
6394057
6372800
8355602
3780071
2405717
16881
5917444
338559
1618606
243770
9727683
8948849
176413
9470940
8344961
5448362
9699320
8013101
5833232
4559352
1496238
7659073
6117840
7254859
8555226
4661711
4117531
2400584
4124170
7224783
5971021
8479699
3210
9591560
7560287
4700089
5923244
1495215
8874733
9888341
9770224
3111269
3909109
4106478
9959384
9765335
3521746
6957730
834651
3902509
2458301
7105844
6011250
1414686
2225060
9416319
4613009
5763849
2171191
4947166
8492853
4119797
7847438
5690575
1722212
953335
8543509
1772178
7983403
5404792
224095
9905427
8815247
8800800
8306700
4811498
2743697
6987285
3367647
9184764
54797
9237899
9570186
164930
6820019
38756
974030
1427037
4285415
6256032
3671559
6387680
8123325
1765523
4061092
6036636
4394308
44615
9148173
1342378
2402937
6375797
9513230
8239156
4679508
766632
8043734
2930381
3423216
6679515
8795273
1562253
2732619
1908586
2824766
6487919
8492853
9222439
4382686
6377383
6161080
4964586
3961236
678038
2488378
8064008
8998060
6726985
7506491
1532029
4698770
1282235
3766269
2198741
1731381
6382413
743630
557142
2576605
8568807
5990357
6710191
1289379
9660451
9554718
5249445
12477
1856855
5051145
9008330
7269814
7657392
4208738
1925081
1429581
2715314
637135
9755641
2245190
5967880
5860398
8490712
9574384
3738124
8944182
8137822
135000
5939973
5511906
166545
7893312
9576169
7811090
4070508
7660292
124414
4013567
3756932
2766877
1354488
4579115
7885838
3207971
8991181
8279563
4166718
1024558
2340025
2756230
227569
7834268
1381039
925116
6035301
8611652
1657867
58810
199654
8946856
2550409
4476717
5702095
7663112
2389051
4966805
4233197
2752050
8465567
742562
8388911
1039732
1055463
6868603
9911626
6194677
4933327
7853505
1156779
9625680
8374820
9001222
3720018
9499216
5945092
4136908
3256608
561930
3640786
9800197
1238108
7774240
3701535
5921339
7722945
3937251
2383439
4872799
858945
9738437
6772832
411281
7766528
1883883
5364721
8477667
3625232
4519857
5685913
604091
7189105
5453642
788486
2615625
3190806
3798562
9813948
5916525
4985560
837169
8444092
9895471
151055
7816349
6922713
8013640
395963
6404369
5416384
6115225
6556973
2180273
4000799
932172
3493650
5093934
2565689
5560830
310049
1283325
7911464
3627832
272114
9453093
9507993
3153603
2159725
6725311
2715748
3504918
7817828
8352360
148660
9508233
5779218
9807657
6529717
2885239
750487
1571059
2389511
8652731
2190557
3146978
2542781
9289121
7643505
9174534
4121850
6756797
1086834
7062183
6865051
8948249
4928775
387878
7377497
851027
3930726
4479829
6699006
9923565
2262446
6083251
2323107
4194951
193580
9653173
9745838
8758382
6234637
9333096
2351538
8856139
3096804
827873
7588384
2168997
393058
812554
6240976
8384262
4898673
2142012
9774480
4908970
1760591
2618493
1702998
2731544
3635707
2185574
1553103
8383532
8467251
3163242
5093932
32899
7318471
6497085
6453314
3383123
7036800
7744300
4935631
5670511
968676
655614
3004178
815241
5682334
5516751
8863593
3561895
468015
8175779
8037678
1284275
2227745
1606401
2959709
1506466
6475753
6165783
2102628
3287790
692221
8418422
801959
1222918
3201065
2074128
9757557
24599
9535392
8022093
4512546
8770589
7292014
6632916
2050588
6913686
8044031
3830729
3665624
3321983
1138377
1489101
436539
7859576
5458916
5913291
4467711
758757
9593736
271026
8888885
7670658
5710068
4575354
3902543
6161973
9693018
7379057
6938803
6846691
9489672
7240439
7284953
4398286
8486622
197489
6483363
7274450
1426799
9963716
5145938
2517262
3841416
2017823
6885290
5930694
9659803
7224654
3987614
9976722
800286
6801513
9909234
7268321
7926946
8445846
4300752
1171331
96241
3972284
1039181
4868541
7881093
3124445
7664850
3618913
5392855
1247331
8703672
2624376
5272316
7522851
8495302
1131964
3281617
9769082
4928313
3246044
2836817
8066313
7433761
5120540
4264346
1745199
2581242
4482612
4189491
8510238
6783701
4628015
7362228
91000
6699878
8808040
3238296
5072629
4805045
8302678
8180231
2998851
3655100
9096432
1865434
1530344
3210656
9218842
1517310
4564724
392931
9230775
1355065
6674639
7952607
5163293
6934835
1578050
2681325
2938087
9607204
7302833
1078297
1393170
1058723
4709383
4361403
7823149
4642447
8616221
3991536
104383
2792581
6494341
4182788
1542105
2358239
2620204
9232867
7789453
8030990
9732493
2564323
268820
6501639
1341255
6439471
516854
9378765
847119
5568395
6326353
3495456
7428837
6604449
5307748
7738676
4677945
5182003
2767236
2558402
7271349
6395850
2819618
3556013
4282505
1239879
9051397
2702712
7141405
5281288
9903168
6538126
6301661
5657848
6598514
4818781
7554333
1570582
9691059
7704728
5153886
4581773
3954642
3970303
8256338
2793698
1667194
1104772
8848213
4353544
4232081
1340600
6032517
6109922
5857503
8290739
7294031
1587779
5653979
8072779
1524247
1430783
7696573
8509271
7321847
1098488
2446446
4797986
7781327
7616167
5129016
5213081
4727325
1024130
4359964
4133946
7235541
6740067
8507297
5686270
9078017
3594626
931780
2590249
6693912
7787323
8477299
9616978
9373374
9146268
5453441
33498
3878781
8594251
4839351
5122573
2831201
8803325
6936442
9758843
2090598
1166229
2121008
7467308
6983029
7703125
3180512
9482112
490761
9615234
7981939
788203
9935568
1315275
6600424
8668029
4013226
6811403
3222850
2361593
5269526
1451266
1321109
6293883
5763577
7171787
7207665
5202661
97478
4393346
499009
4645855
497866
9888341
9223230
8471269
6293610
3793788
567699
1108646
7116961
2045931
9110674
705641
5284113
3062375
3238684
1806322
4568028
8576993
4493568
7752302
3133776
1921773
6347875
2079198
3052208
8635508
4956747
3608510
5464255
4901790
1963820
2784194
9572973
2535866
8570023
9315073
6806252
6129694
179755
4115630
2985824
4613725
448043
2261698
27070
1963150
5712354
7501989
8776649
8530122
1710853
3423105
886794
6525858
1533998
4473374
9683506
9764142
12693
5206800
2515879
776204
7368510
8082559
1312158
7854512
869632
8862454
6205502
1044179
4894248
2869884
8810791
9684493
8752039
2960974
462407
5795401
7908997
7098844
1458817
4587121
911048
1739942
4885996
5321528
9923844
1408252
9440029
9341410
9117228
2540705
7825303
3423101
9886721
1682102
9602271
9831954
267729
5001212
6822835
2228053
6867293
8189565
7244595
8089122
1365730
9104717
4692694
5467855
6786143
6127283
3881148
4789022
4353885
1198857
9592523
2892947
4448206
8238770
9969921
3465855
9562633
402043
6930901
6261212
4559553
4668124
8348814
7780030
7739163
792904
8723279
2775835
8251863
4240829
8080008
7639072
3280930
5342101
459367
7161573
8075020
275930
7952882
3373491
5899775
925047
7387864
1003622
4748910
8367661
7115442
7317164
7453033
8877259
9110357
297964
4656129
9352947
7841113
8621455
4666001
104020
2631372
3377831
4643762
2348496
4475220
2947894
1480590
3696353
