1860193
1615954
8910237
5565362
8041616
4224384
6502266
8762793
1308841
2473471
3396054
3450865
9575462
6922586
5386450
1059596
4668128
9496981
4275950
2837761
1141244
1904029
9135616
8794842
6719171
7799141
7825436
6461554
3824141
9319680
6762909
9054433
3238602
307616
5432241
573557
4771204
4359727
1284051
305785
4654128
9650391
428007
411731
4221826
8033961
8480341
5394011
9447487
207945
3700425
5070674
9531635
7526212
4504725
3064516
7645420
6590654
3464677
2625957
3315109
3745020
4665251
8609911
5040326
6176134
1826355
2775250
7769193
4000680
5097652
6400082
6940030
9333117
3342306
4752816
759570
6807410
8186454
3011924
2890011
2510575
9641070
3977523
177859
2082661
5114557
2176908
836484
9524284
8933680
9406686
2758977
9323190
9961891
7374171
3284744
1662178
9519784
2603610
3600880
9490789
4806171
3335709
8434642
3974401
4396337
3548268
9724541
8448272
3277294
1419453
8079250
2530728
1901238
8283786
8100328
2775514
3014993
1032340
8279538
1442823
9470302
6235739
1560360
4149591
3267437
5254320
4887952
8788855
5811615
9651119
1821975
3657671
9713397
3411677
4992064
2216163
6191366
8696182
9366252
6270966
2771003
6717881
8815734
9622075
180110
5414216
8002610
6465955
5332842
8642073
146903
9294969
1081754
9645914
3789236
2674039
5175426
704660
8269311
5257768
8999902
3338761
2144243
431233
1856843
9590487
2962603
5096807
328721
4445763
1967265
3158538
2759686
1498830
7064244
2765208
987644
6630158
8342752
4468051
7714799
3992058
7697284
4508647
1915550
4236101
3132974
2897624
3476774
1326390
2142773
4177429
1413795
6492482
9582081
9462939
697413
4899465
2815978
7040223
6206353
3107792
4715193
9670842
7807311
9941127
7008264
3616162
567517
5539860
8412817
8826020
4412241
3600236
7135374
1247719
1272380
316521
965115
2506943
2805543
9609133
3242600
2301899
553636
9669035
6130486
6681713
7500165
2731508
1625446
4755708
2256973
7403595
8504025
6744621
5172032
3093063
1101115
9896364
8370330
3763399
7081661
507962
4711398
968452
9661741
7576019
548719
5318736
7029823
3842130
2636326
6157007
1544374
7280546
9674786
7805874
6429815
3018911
1688723
2071889
367277
3015684
1087330
2570748
6355743
5938613
7598912
1132763
6017602
7109121
4824793
4533990
7540111
5052111
6665321
7432342
2518891
5315936
7753094
6509093
2685854
9519292
5387411
3166791
9788132
8005112
4485236
5333107
5862241
7580200
5213030
9533740
6838623
7827066
5510758
6990059
3178103
9560353
4459630
8823004
812773
6880542
6895987
9850064
4303895
7346632
2527984
5063919
2773912
4993615
8964689
9865727
6199686
2755703
7874365
9954644
2996416
9380240
6124782
8627345
6286225
5276114
4648203
9393008
7199721
8959743
4727070
5621956
6084553
2257833
1169023
208107
1909771
2321958
2774070
945214
910394
7569240
3598012
7055660
9882577
5053265
2971561
4639331
3317742
6973724
3865479
3970474
9143319
9232167
1470390
3096797
9229291
9773028
2569684
3167029
5035866
5858125
586561
2118830
2388681
2314368
164571
3074017
203496
2739273
8853721
2503081
5996184
9121760
9149998
1046098
349049
129476
2218095
668298
1015022
2634228
3283150
322697
8415157
4261869
2244928
8586577
4412920
6695915
9014283
2055461
9161192
8565736
1200318
847192
8683354
4334098
556073
5180514
4760357
5672760
1832057
8329505
7204094
2742411
7527005
9728337
3172719
6812782
1630807
6160325
1004652
2582385
7014712
8228331
7291322
2902310
4882342
9655783
6025246
4126212
5338969
3457973
786553
8968642
4789263
1443918
4808961
6892649
2659800
1201374
9247612
8139582
5048364
8378515
3369957
9846846
8596922
5396238
9071947
1577121
6404965
7954834
7789522
2325098
9453330
9946155
4609760
9558568
1843122
370790
943852
2649984
558997
6646450
4371231
4352958
1140516
4731405
7653604
8887256
8597926
5826805
9413042
9615077
4664550
8873091
1993886
3036470
71135
5457988
4070376
856833
7020071
955041
5614119
1261221
7074472
1517999
166090
483035
3025996
6452597
1821752
4774410
5989334
9351300
75463
6675920
7545034
5931373
1621315
9505158
5948764
2948809
7207692
8306528
354801
3281806
8549079
5993857
5150618
6555369
513151
1286068
1765454
2847115
9950384
860766
6687438
5266989
1550639
4772006
9903706
4331059
920857
9537141
3755731
1576499
2337369
8993821
641926
2775344
7797184
551995
5540825
2439227
9604981
8744186
9761529
8487599
6990428
9871122
9464256
5360974
4796624
7674759
8685230
9033037
718027
5344017
8105053
9674629
4740961
4864937
3405871
5854637
9966323
1935310
28810
6328764
3644473
1541211
6829581
9303547
19085
3754266
3718424
3480350
5051800
8779515
4424584
440871
9323348
4188566
2423368
1814760
7839203
492535
9056314
9184875
934717
7009235
659476
7996793
1149158
9210737
94554
93707
3083817
7984470
3461641
2361671
8953719
4225292
3159848
3855868
4375035
8563682
1464955
9891877
3987539
7200972
6364241
8545923
4200021
8019885
9426698
9455317
7498366
8617193
6417928
4511714
5469574
6459083
8303236
1297477
2687146
4236097
1058199
2127249
908561
8518192
5047410
4687528
9009591
8027967
2658987
5171110
6415030
9218888
3791092
8721541
1046248
754048
5271045
3072020
5187217
8182541
7893191
2180411
8213338
9301325
9839730
9941569
8243111
6217717
3660555
6949879
3647849
8979568
1193584
779112
7589290
3698759
9447474
7057480
2068932
209029
7927018
4183129
7053681
6273105
7721995
9900687
9737184
1739800
5432100
3169493
3474096
8394893
9040673
8945599
5112368
1169347
6798919
2479271
9840788
4002058
6894745
5842293
4198969
2878073
7023430
1024618
1259628
9944306
744599
8442908
6133827
1360290
6370478
2213580
2432922
7501075
3292933
7139961
662335
5285348
7460108
1576535
2917569
8372830
8131061
790619
1611751
652299
5983130
7165505
6665517
1779026
9261481
8208875
9933196
450696
9620098
5108950
9725744
2877296
3146976
5791712
3297544
6224913
8211715
6146324
9146339
6036871
2433395
9371011
560074
4296024
5531648
9415066
5263531
622405
6548466
454388
4724497
4181697
5245225
6640115
860497
4950752
2789369
6900931
7456205
7157145
1798565
7322172
6609481
8046479
97510
7368357
3719211
4919416
5894309
6477320
2998801
3766432
6746325
8704783
1979927
9720587
6770690
6511262
578544
1878708
1740676
8527540
8029688
6322641
8764644
17525
4643309
7373837
7980043
9087351
5734660
4154341
4502081
7537573
7464393
1591065
8765888
4063330
7009279
9950084
2680730
9731230
3025346
430857
4883050
438262
5844507
9665774
5108481
20743
5297625
1208374
7979254
2922514
3149600
8995600
6198642
9297369
5300760
847174
3175171
5114557
7030923
8477541
8630328
8089527
5778420
7929303
6234503
5014506
7437917
9677354
513459
5962783
4225268
2607197
4606358
4626611
9107752
8541096
1456696
3503662
4024698
9053431
3417030
3435666
2780089
2132576
1976564
5464254
5371750
6332099
1214917
1905116
1399255
2358784
5437216
8436700
4153474
7175344
5644088
734261
3349993
2072403
4969222
6116891
7690215
2827437
1980338
6003691
8367565
8596464
8661349
4540246
744720
9753270
7098088
5075765
4087958
1464
75178
8362357
3991233
5034485
1370013
3567593
9536447
9142602
1040784
8431670
3855931
5516959
7200843
9721324
4903292
8798869
8858642
3732177
1358911
118488
9574575
187305
4993177
5332524
9752998
1539568
6770544
6231282
9134762
3594058
3150705
8710452
9214761
1716223
2049953
1590116
1058088
1600159
4646636
2026697
4803404
5854662
4740720
7550100
5663000
642123
9062763
7133710
4514145
8290239
886917
4714693
3800953
3638848
367650
2627400
3419573
5524843
3956754
8558751
6511718
5230244
645062
7692445
5053156
9152243
3528599
907216
1738066
7762338
7274183
12454
5972441
2895977
7774493
5648632
7992990
1330111
4479774
2204224
2393792
3335350
9247140
5333806
3178489
7799619
6741282
3645790
6411911
7390993
835494
5504773
4189249
2853103
5244909
3533576
1603494
1539655
2251572
8327987
7855658
9229825
7572866
6594673
1727478
708787
7100336
613923
2735911
5930895
692602
8273470
4888600
4979819
9324393
3650515
3397716
9849276
1834918
4415148
5626183
1526889
3198863
153075
4451803
136323
797630
5860731
2186913
530896
1342007
2160832
9129470
1649920
6289527
216100
1010921
7178436
3006286
3220456
7321992
4088994
