847501
7837846
9191467
1811837
5638745
9044592
7037289
1026739
9430697
5561960
2163330
6203983
8505504
5790965
9857171
3401330
3072538
5877524
5562015
9886115
7614475
4516308
1284896
3885128
7266778
1329000
3256541
186627
2993923
2447878
1819872
8888820
9704536
2075930
86139
1116048
2413683
5177469
8309673
674179
5425422
9735518
8781184
1514920
7709559
9513281
26809
3647524
6664437
2230402
8405771
1508372
8187507
3621265
2102130
7007059
7083496
2133475
4866395
81182
693712
1359420
4276205
3073725
5718885
8727764
1244949
7646576
2690929
3286714
4442191
6080179
8033031
3372590
9468462
1443265
645694
8089165
1495043
6470843
6075508
7056471
9986783
3160208
9289455
2363725
1397119
617198
9609522
9173117
8405695
9883163
1225800
6297617
7281231
4868191
5770956
1744921
8038186
2997967
7243246
2560775
2497901
6391633
9758779
8294734
1039812
8236232
1117603
5659649
8047505
5095173
4070565
9632932
1092245
97581
655530
277856
8739577
8125664
2010193
8502168
5181339
6510897
6495384
4225613
8118355
10722
596804
4779313
9609794
8196983
577196
5404553
4756132
6923885
6923241
7977084
55309
2648978
6729233
3740359
8482854
9587121
8239180
919062
4909322
8544353
7655224
6453622
9728637
8988040
6104518
9803749
1326351
5259304
6243250
4315792
4521577
6558938
1612115
6044089
2489706
7246775
8793801
2077021
6258458
3895433
3245366
2139651
4858337
4801069
5926946
2410866
5588737
6251930
7393723
7038220
5841205
2250795
6797790
8548945
9509304
7459965
4867024
832537
4318849
2213626
1536571
1879063
3080145
4745745
9648721
3138327
69103
2760651
4886071
9931285
1634230
3810983
5278745
3019273
5522488
4050817
1269457
6495464
4909601
3011066
2485731
5536336
2227359
1957631
6906963
2307213
7508926
5248919
7979197
1801
5180469
7643725
6195448
1105621
2715236
1484184
3422134
5100759
5759677
2538301
4787961
3427085
3094834
5324868
6250253
4854494
8815142
4401497
7697031
1281228
2330858
9350403
827457
3500113
5930003
1131814
9727393
5986629
397476
2586647
4217706
683134
340648
8254332
3923444
798756
8691303
5282665
6233307
3700631
6962928
8698271
6761381
636772
627860
7478306
4771213
8393970
3412112
7188876
7159436
4882605
5235489
510283
1202464
2823078
2263302
5897767
2451119
4036560
4998504
6592617
5155140
2984987
5294975
1817206
1558864
5607322
4647665
5437163
6183394
3586764
214224
3724313
8390558
1683972
8628335
579579
818349
6480755
8094275
8550098
5003794
3580555
2069628
6805283
8704116
4944569
8735713
8522550
1612161
6252954
9838081
5172817
121619
7251210
38125
5008889
5153587
5868757
7054489
7705437
8401850
6229671
264427
2910623
5107212
9531814
3862989
6263147
4156738
3536363
2677777
5370888
4306637
9870775
249740
7109114
4082685
2289592
5566857
6260648
7738917
7875349
9785492
2417938
5294738
6307944
4604844
5331375
7167215
7511724
9861900
8741931
200741
9297406
78850
3077386
1639397
2096921
2352871
7617039
7367460
9241258
2093109
3768453
2319549
1185114
7336553
6232978
8233274
3615407
4157001
4027653
4795584
8633710
8934110
2513743
3279701
2155054
4424269
6860513
6948548
2090052
8078933
4420776
8926142
2511966
208054
7243185
9347030
9413627
5315608
4149298
3199663
3822790
6776713
1563264
766128
920546
8087826
9930665
6587512
463569
3590499
8247702
4502559
5829593
39110
2348540
5066457
8306208
5430934
2411827
2470637
2817837
3307484
3391865
8676505
6054518
2605492
3191402
5815307
6940727
3625640
8156246
2714699
3453659
2806774
8788070
2198249
726152
1132714
916058
4104289
8983030
8270081
7071317
7785756
2377332
7753625
6318272
9402297
6500825
8868125
7547576
1223661
3937761
8886086
1599879
6202664
5265669
1952274
9931649
8525087
6696889
1805864
2569632
9267572
2437757
1136838
3160737
1066991
1263797
8349854
912059
3059851
1902698
7209569
7370491
6737677
4402817
3043261
8463209
1686080
6015960
648414
771203
7727287
995985
6842931
6062484
9411566
7302289
4523324
6994576
4523428
4271888
4683827
9066357
4117734
4876877
5283543
5233189
9366052
6496834
6342794
7473924
4692749
7099475
3029358
9239133
1670265
9372821
7755964
5233334
5237297
9861612
1530181
8290028
1668803
1243229
2310433
8116883
9030546
9963268
2856561
687900
9771536
1296719
8310711
5791193
5642158
9005399
7300888
1349309
2301191
8714884
6031821
6176139
180706
5431760
6024038
5102699
3095538
4284412
1493701
9796220
3908428
1391596
4326566
1491333
7038200
8576930
5434748
8930551
9785007
2970270
5079835
8290333
3555687
4087615
3961002
5104494
6747542
3246735
3994758
5822739
9749193
7719074
1543828
8728669
3571156
5536924
1409326
6545617
5804187
14934
5326322
2261378
941256
3033244
2068455
2579820
7285323
399763
5222936
7948321
4784317
4631955
4196721
3625660
399681
2755090
3022654
685783
9206842
7215789
5616031
8185703
1445621
2659460
5862262
3950426
643890
3864298
1966134
7978084
1781482
5912690
6975423
2428505
3386246
5919494
2719732
2317904
9058173
2576394
4492925
4456777
1113157
39958
6559763
5142234
9460169
9930946
8431225
7278126
3759918
629743
4088517
7033425
9742974
6515818
5642176
9962955
7134755
1839714
9499816
2497061
7358467
37601
996773
4941728
2191242
1128019
9526236
3337189
5334682
2926552
5489281
7772576
3428905
5751700
5708440
7891764
1759403
4734034
1877096
538255
6124417
236172
8565585
3087096
4083184
7089583
4829797
5747755
7440626
1777076
7975616
5472826
3155315
934765
3762448
6612359
2467292
6393789
8608368
4650719
1946008
2598283
6821200
3511947
2008133
5653660
1367232
4106596
5399330
2375767
1260825
582907
7786675
4827930
8160990
9612724
7929852
7496931
1524617
1176597
9670876
4409186
3300277
5893357
3483909
7324188
8573932
2815217
7317635
7590514
4373171
466285
4922753
7667342
1765465
2129628
3538104
6939800
437941
3710747
4005231
9228147
9057880
7135619
5130896
5649220
7381361
2712469
8046431
6983353
4605308
4769345
7078694
5283723
1846410
9498913
5176435
8513149
2636480
4576198
3123951
9200958
8124843
9970958
3182084
3159478
1509761
1211626
2718217
4014627
9103441
8300110
1151116
7598844
6347470
88554
5327487
9899274
756326
5433716
3718404
2733486
9060860
5570133
4948497
2861414
6053259
361337
7111097
6748873
3614095
5182223
3260287
5057169
4236357
7948658
7179389
2918227
3236153
6021608
5824753
8931339
4388685
2879932
1723442
993490
3673201
7433458
2894654
3404056
4438374
4167317
4875746
2867474
4456423
5108053
7419649
5833392
9464061
1361320
3597471
6568202
4810441
2710740
6509467
7476189
1554995
9966114
1472758
2293295
390827
9531403
5066344
2459192
3572365
9497215
1470868
9601227
3750357
2370851
8206876
4607142
5540041
5579040
3865415
5689967
6643724
7490939
9330501
367071
8209895
6982297
9195546
3053644
3382259
3247756
9754841
8981275
6878456
1140732
5116530
9443595
679506
9424756
799060
9750815
7631335
9179244
1365798
587098
1592551
7594115
5555772
4935061
9310999
2663035
7483268
7295887
7109472
4736823
9564511
4731993
9034386
454389
8306123
426338
3374932
1462192
6943632
3247599
8868722
5311074
4085739
8810697
2887260
3425762
6130142
1007888
3427391
1245325
2322840
5165881
2953076
6652651
8242167
3469287
5206498
7011534
5555857
8211417
1045935
6724895
6250100
5133737
1098347
460995
741244
5025412
4626563
2192742
9636602
9235073
9890061
7888319
7610688
2951739
8249889
8546060
4682608
9219258
2852556
4190690
9880097
2762627
7335867
675744
7018095
9820340
913378
7158877
2903526
4499704
2918851
6992159
304337
1637905
2828088
2332444
3152767
5623819
2203963
6021094
2025546
9560982
2286982
2989319
5536346
7693099
2811171
633487
6191658
9891616
349254
9207742
3568490
4932589
5724257
549273
6182489
8907956
7334774
8027491
6420554
3563919
1993582
748737
1090782
7333564
9307020
3434653
4673654
8869390
8663313
1012062
9593180
2139314
3376407
8727277
3470208
8917681
1082010
240528
3529792
3401330
4540336
9015353
2666093
216992
3481523
4384124
871492
6759958
4261732
2384155
2179870
2505234
2210256
1099375
1943663
9574131
497561
1388225
7018112
2218076
7771658
9777418
5666129
1690853
7223027
385677
9008657
9905751
2669264
3141722
284395
9355449
7414886
2602746
1070455
6676082
1574452
8376692
