4138126
178710
6481902
9594071
4103295
7627565
6973287
5059582
5896865
814642
9538570
1835281
9246418
6679095
9919166
486017
3613330
3867744
6482992
5217299
3541830
5446739
4336473
895825
5009124
867807
9204386
6490702
5091576
4557396
3674069
8779405
4804822
8917391
1297465
3301293
4650693
4868493
9521214
2405070
7884439
484672
5265277
4900635
840458
2775413
7165956
5490961
5176949
3528459
412269
9383172
9948043
7107035
8116312
115426
5091297
7025541
6926441
5566403
2068794
558670
9820469
8821627
402732
7013397
6025724
6803975
1435695
1441305
1683898
6820202
2317900
7500942
137431
6634812
5735236
8523021
5403935
3026398
5095257
8092125
7572487
2330790
5686647
2854578
9342790
9109350
6642745
9944820
7304302
7611697
953629
9303300
5314290
3905633
1283449
3303239
9324946
2166207
8785030
9638307
9113933
1609206
175057
2381967
3073872
3849117
3583833
7839305
7819409
2386235
7918293
8383164
7391892
2135843
4670149
5166911
9558821
8987592
5820836
4634510
216939
4533214
7095271
1213423
9069043
7951673
4016702
9091416
4783807
8153901
6696256
9874235
7711075
4090183
7613866
7713950
3718903
4154803
3744310
2397595
7543496
67839
5757557
5961515
4616696
2160114
2037527
1655406
2512646
1287075
6287471
92708
7205731
4641752
3258668
6351288
1982397
5107516
4141213
7746245
5415716
2770064
4318479
4966511
1306964
8263343
3578482
32303
7488336
5155288
4281982
7689366
1879770
1296816
4641963
9507918
6015148
8179581
9672449
4301841
3923190
6905255
7327602
7724498
7219533
6848254
1655918
7887664
6572431
6704713
3564738
1354619
8668779
1831282
1583359
5655675
701278
7072167
6487472
9495580
3125445
4111055
3023102
2602516
4604289
3698644
6815148
9784698
286734
9251889
1814688
7947203
9932517
5768427
441688
2464987
6416287
3867124
7657650
6027339
3870323
9716497
5359448
8976765
3876829
2987795
1574697
2245626
4825553
3345143
52305
4512346
7298726
5015170
5922294
4767820
1945805
8324454
1774569
4897302
148077
3644842
7403757
3301634
1975514
3621883
4383791
7841337
7890189
4429287
7663827
2946012
9171043
2949599
2566177
632347
7941398
408671
5449245
1039526
3503750
9111710
2103737
7903693
2544175
2115943
1699965
1194225
3415871
9112597
3062274
4877691
1531
8764869
2495841
4772855
7066848
73773
4393283
2636414
6903027
1441259
1995893
3857329
2234430
66333
4421286
6062513
4130140
8613385
1379190
3305897
6508269
9986773
6135267
7023957
4271807
8672674
1837303
8951668
8352717
2411005
5802205
2104558
6092316
7713643
6543301
5005653
4898478
5450952
7136626
5394816
2621260
2363948
4256364
233532
1574521
5718863
8571001
1556942
7372866
2227166
5312353
4870646
5695846
6042011
9822336
309314
6945049
920946
9604909
1984674
6597937
1937061
1031026
1721782
4445827
8145356
4296319
1723186
728414
4484690
3062272
8286066
9918285
6384697
9305097
3105922
1342763
5584516
7215610
426178
6620359
1425602
5586360
935782
3946952
1167418
9750674
5333688
2948655
97588
7962845
4711029
7411214
228539
6264606
3102158
7627235
9257042
8531829
7499307
7998253
4481181
7240377
4684751
3374491
8870144
9071857
3953155
6549318
5632689
570606
3648180
9049358
5740075
2100787
2568822
1136555
9593014
7285024
8176451
9896910
2455477
473260
5118998
9068762
9625236
7875298
9025091
9761108
582235
6759760
9540761
7114873
1881704
6917338
7690304
1232511
4788806
45058
8552561
1087787
6337132
8568782
3973882
9564623
340687
6750309
3101286
5095398
8725698
4364020
2662240
5346976
12474
9533454
3329548
1641807
2406068
6982195
7785847
1071442
5572390
5177101
990032
8147146
2584075
3661458
4068542
3132429
2703089
459855
4509228
5667358
4979935
8161029
9411509
5566699
4497023
4905890
1928925
2507397
8368688
5768575
1218193
812188
9498781
6557257
6644312
9277292
1937774
4480865
583504
9632313
7660209
8204210
2936333
2108261
9341490
7411796
4605164
9883186
6104898
5465596
9355058
173222
5473853
345488
558779
1650458
1542498
5020118
4317423
1821488
4576710
6412465
8781474
7962521
3648376
6221424
6164977
8072367
5347318
2817826
4451759
1068035
8917317
3264214
6452698
7197801
8734552
8805413
9760648
4288893
6151578
6535062
2551375
7214740
2283031
9678140
8846419
8260218
9358410
2607343
7798743
5588435
3026198
8269729
7118645
5436008
5064795
7879279
9156747
528848
4628351
5994811
2763808
2907041
6058305
1672468
6211387
5614709
3040671
7136336
7795412
9915141
9058230
566862
2807364
1443285
8995129
2257965
6229192
9278227
6765228
3059035
8216378
5798099
9064749
2799035
6437033
359591
8398669
9365939
2734622
7264655
4948752
1725876
4565890
7799921
4331698
2621876
3965113
3974061
3388843
955698
8230926
818587
8631992
9800789
353127
6158571
2770872
4489336
1055076
7105136
2628516
2735308
4782403
3272781
6209115
8474227
8366649
3592285
9134953
3655349
5112399
5174809
7828961
3075383
6639654
9172381
3568753
931818
5164747
1482093
2400707
4901612
2670169
4598438
4713249
7093738
8477288
5970819
8359850
4273951
6362929
8036478
889662
1717427
2019932
2794575
773669
8644798
4330290
1117584
3841681
853030
6036441
3270288
6423105
7940190
9909424
2964504
217210
3254222
6688719
311855
1423967
963804
5150539
5285360
5171826
4172015
7874621
9775199
9836166
1141361
7950948
8831438
6153043
5094313
6392224
1217360
7831998
1589099
1429575
4343702
3586004
929523
8609819
8349941
8533559
7905707
5656102
2226781
9812005
686462
9986010
6367008
3648593
5494960
4623707
4238769
1032264
7485474
5560393
4916124
8202082
9402140
4446281
3727628
2590679
3691042
8861902
4711745
4264701
8383899
8572307
9231546
4730841
6692432
2811769
7756434
36659
1499917
4936443
8447620
572405
3505771
6442496
9075124
2644329
7435663
1509835
292994
5384814
7524622
8399429
9478390
2115264
1963894
780967
7223797
4528496
396771
3267995
5012466
987094
6916701
4722540
4080243
2261323
2944514
8001922
4596095
8173268
1033036
5631137
4459397
2866361
8981772
3806050
4222707
6357355
8214916
4868454
5103259
9067370
2821179
4339387
6206762
4128958
4251939
7607570
8172003
6087154
5544557
2582454
9777133
644080
9562976
3526864
854472
7040996
7466529
9110066
4124877
9180989
2695699
3135273
6666564
9570333
621185
4321924
4022717
593735
1108479
8296304
453939
2944297
7892760
2404133
2628113
7410268
8974819
5868000
977074
4767587
1238233
8129978
3396523
581622
7245856
8969321
1307732
8934160
489129
9100621
3355996
564584
8559539
2620147
3556042
346806
7652636
9124881
3198685
2944786
5681957
7905082
7845044
4514139
1821260
7659546
3320471
2780582
6053273
7305541
2982964
6754917
7229971
8880477
290278
4776913
6222203
1892200
6179729
277603
4976218
4796217
675303
3761080
7682669
2676270
988585
6985267
7490300
8550726
5545562
8077735
5300683
7054306
3851564
3997714
8973036
2797328
9332468
9806740
4470677
5404142
1813756
3481071
5035327
3215594
3397183
8027276
8470501
3908760
676295
2952294
1524375
1378913
4584581
3360558
5895835
9582708
266170
810298
8419693
5911930
7488150
8952505
8541982
3703505
6501288
5833165
3113964
5531802
7558089
71449
8754883
686081
7135257
5963484
3986069
3412798
8993396
1320283
8606249
229851
6940098
7732259
4529703
1969101
918734
727849
7139204
1011882
360133
1048299
9057553
8722055
64664
6368395
8609945
7342676
4383019
8968524
6873127
2592953
5994227
7384292
5692517
2243616
5086571
5269093
4954491
6309711
8085562
6923502
1770880
3701947
1598492
8055054
3622798
2804029
492542
40908
7549300
8148329
1221026
8243151
5035941
9251355
472352
4569506
5478707
7271995
2804371
7227585
2419461
4794750
666526
2167935
6255698
7337272
7163015
5398701
3756501
5725430
5990221
6180452
1044908
9710209
266554
1018531
221903
7117170
8621615
5667889
4360348
4006051
1272418
3090443
6639521
8737735
6158494
4637934
2823791
7191228
9693850
58775
7276093
970022
8511123
4583191
6694456
909334
1057975
4551964
6163516
5583318
2181082
7883332
5227126
2466686
6074583
8062409
9185875
1653669
9844685
33300
6118583
2419142
4344240
2437054
9777987
1976095
2180119
9254665
1999114
1438935
5707584
2788509
8300082
7235823
6358137
7049475
9605957
3915203
1022786
7278722
7340988
3418890
8800015
5900189
